N_hand <- 2
y <-
c(1, 1, 0, 1, 0, 1, 0, 0, 0, 1, 0, 1, 0, 1, 1, 1, 0, 0, 1, 0, 0, 1, 1, 1, 0, 1, 0, 0, 1, 1, 0, 0, 1, 0, 0, 0, 0, 1, 0, 0, 1, 0, 0, 0, 0, 0, 0, 0, 1, 1, 1, 0, 1, 1, 0, 0, 1, 1, 1, 0, 0, 1, 1, 0, 0, 1, 0, 1, 0, 0, 1, 0, 1, 0, 0, 1, 1, 0, 1, 0, 0, 0, 0, 1, 0, 0, 0, 1, 1, 1, 0, 0, 0, 0, 0, 1, 0, 1, 0, 1, 1, 1, 0, 1, 0, 0, 1, 1, 0, 0, 0, 0, 1, 0, 1, 0, 0, 0, 0, 0, 0, 1, 0, 0, 0, 0, 1, 0, 0, 1, 1, 1, 0, 1, 0, 0, 0, 1, 1, 1, 0, 0, 1, 1, 1, 1, 1, 0, 0, 0, 1, 1, 0, 0, 0, 1, 0, 1, 0, 1, 0, 0, 1, 0, 0, 0, 0, 0, 0, 0, 0, 0, 1, 0, 0, 0, 0, 0, 0, 0, 0, 0, 1, 1, 0, 0, 1, 1, 1, 1, 0, 1, 0, 0, 1, 0, 1, 0, 0, 0, 1, 0, 1, 0, 0, 0, 1, 0, 1, 0, 1, 0, 0, 0, 0, 0, 1, 1, 0, 1, 0, 0, 0, 1, 0, 1, 1, 0, 1, 1, 1, 0, 0, 1, 1, 0, 0, 0, 1, 0, 1, 0, 1, 0, 1, 1, 0, 1, 1, 0, 0, 0, 0, 1, 0, 1, 0, 0, 1, 0, 0, 0, 1, 0, 0, 1, 1, 1, 1, 0, 1, 1, 0, 1, 0, 1, 0, 1, 0, 0, 1, 0, 1, 1, 0, 0, 0, 0, 1, 0, 1, 0, 1, 1, 0, 0, 0, 1, 0, 0, 0, 1, 0, 1, 1, 0, 0, 1, 1, 0, 0, 0, 1, 1, 0, 1, 0, 1, 0, 0, 1, 0, 0, 0, 0, 1, 0, 0, 0, 0, 1, 1, 1, 1, 0, 1, 1, 0, 0, 1, 1, 0, 0, 1, 1, 1, 0, 0, 1, 1, 0, 0, 0, 1, 1, 1, 0, 1, 0, 0, 1, 1, 0, 0, 0, 0, 0, 1, 0, 1, 1, 0, 1, 1, 1, 0, 0, 1, 1, 1, 1, 0, 0, 1, 1, 1, 1, 1, 1, 1, 0, 1, 0, 1, 0, 0, 1, 1, 0, 0, 0, 0, 1, 1, 1, 1, 0, 1, 1, 0, 0, 0, 1, 1, 0, 1, 1, 0, 1, 0, 0, 1, 0, 0, 0, 0, 0, 0, 1, 0, 1, 0, 1, 1, 0, 0, 0, 1, 1, 1, 0, 1, 0, 0, 0, 0, 1, 1, 1, 0, 0, 1, 0, 1, 0, 1, 0, 1, 1, 1, 0, 1, 0, 0, 1, 1, 0, 0, 0, 1, 1, 1, 1, 0, 0, 0, 0, 0, 1, 0, 0, 0, 1, 1, 1, 1, 1, 0, 1, 0, 1, 1, 0, 0, 1, 1, 1, 1, 0, 0)
X <-
structure(c(0.876971671087, 0.76907931189, 0.674460769347, 0.591482987977, 0.518713824386, 0.436314144881, 0.190370033023, 0.0830611381695, 0.0362407494733, 0.0158123516163, -0.78982908089, 0.623829977019, -0.49271905738, 0.389163840227, -0.307372918242, 0.477613688947, 0.22811483587, 0.108950768263, 0.0520363783438, 0.0248532866202, -0.0236249137818, 0.000558136551196, -1.31859279004e-05, 3.11516409781e-07, -7.35954832267e-09, -0.504638207796, 0.254659720768, -0.128511025086, 0.0648515733816, -0.0327265817641, -0.580420102885, 0.336887495833, -0.195536274992, 0.113493184849, -0.0658737260266, 0.900875854993, 0.811577306109, 0.731130399534, 0.658657723792, 0.593368840068, -0.371065775823, 0.137689809987, -0.0510919761657, 0.0189584837742, -0.00703484449011, 0.751287532323, 0.564432956225, 0.424051442844, 0.318584562072, 0.239348609476, -0.785132723638, 0.616433393727, -0.483982029358, 0.379990128901, -0.29834268486, -0.785017130669, 0.616251895444, -0.483768294731, 0.379766398638, -0.298123128583, -0.131081621755, 0.017182391562, -0.00225229575159, 0.000295234579791, -3.86998275172e-05, -0.152506111709, 0.0232581141087, -0.0035470045484, 0.000540939871891, -8.24966365306e-05, 0.225422029098, 0.0508150912025, 0.0114548409677, 0.00258217349392, 0.000582078788482, 0.562013809724, 0.315859522321, 0.177517413477, 0.0997672378408, 0.0560705654246, -0.384545671321, 0.147875373332, -0.0568648347097, 0.021867126038, -0.00840890866214, -0.390155721248, 0.152221486822, -0.0593900839806, 0.0231713810504, -0.00904044688604, 0.774288334227, 0.599522424519, 0.464203219413, 0.359427137502, 0.278300239572, -0.713138739266, 0.508566861442, -0.362678730402, 0.258640252557, -0.184446383632, -0.486160248429, 0.236351787153, -0.114904843559, 0.0558621672904, -0.0271579651277, 0.594300078745, 0.353192583596, 0.209902380243, 0.124745001107, 0.0741359639811, 0.159465825052, 0.0254293493595, 0.00405511217615, 0.000646651808849, 0.000103118864219, 0.106636311473, 0.0113713029245, 0.00121259380051, 0.000129306530201, 1.378877143e-05, -0.72361967444, 0.523625433237, -0.378905665527, 0.274183594332, -0.198404643268, -0.484580136684, 0.234817908868, -0.113788094375, 0.0551394503253, -0.0267194823753, -0.239336554232, 0.0572819861919, -0.0137096731948, 0.00328122594209, -0.000785317310637, 0.0630121526397, 0.00397053138029, 0.000250191729396, 1.57651194419e-05, 9.93394112654e-07, 0.8248408348, 0.680362402754, 0.561190692254, 0.462892999081, 0.381813047785, 0.544128089582, 0.296075377872, 0.161102929734, 0.0876606293822, 0.0476986107973, -0.0314176672613, 0.000987069816141, -3.10114310472e-05, 9.74306821937e-07, -3.0610447542e-08, -0.635140782512, 0.40340381361, -0.256218213844, 0.162734636835, -0.103359404581, 0.797570007197, 0.63611791638, 0.507348571146, 0.40464600354, 0.322733515956, -0.472529862373, 0.223284470834, -0.105508580273, 0.0498559549157, -0.0235584275148, -0.521409241874, 0.271867597512, -0.141754277909, 0.0739119905769, -0.0385383949721, 0.00061047172756, 3.7267573015e-07, 2.27507996804e-10, 1.38887199843e-13, 8.47867088238e-17, -0.303862324046, 0.0923323119747, -0.0280563109012, 0.00852525583459, -0.00259050405098, -0.206461879311, 0.0426265076086, -0.00880074886934, 0.00181701915091, -0.000375145188641, -0.596892395677, 0.356280532017, -0.212661140289, 0.126935817495, -0.0757670242017, -0.339883867293, 0.115521043246, -0.0392637389321, 0.0133451114326, -0.00453578808316, 0.0872743127428, 0.00761680566473, 0.000664751479684, 5.80157285342e-05, 5.0632828361e-06, -0.930672831851, 0.866151919946, -0.806104060149, 0.750219148425, -0.698208579374, 0.572749209244, 0.32804165669, 0.187885599468, 0.107611328524, 0.0616343033176, -0.715787864084, 0.51235226637, -0.366735534404, 0.262504844855, -0.18789778221, 0.435011130483, 0.189234683644, 0.0823191936588, 0.035809765494, 0.0155776465699, -0.0905026736591, 0.00819073393945, -0.000741283320751, 6.70881224668e-05, -6.07165445402e-06, 0.531631441657, 0.282631989758, 0.150256052173, 0.0798808416345, 0.0424671669989, -0.182817187031, 0.0334221238739, -0.00611013867123, 0.00111703836424, -0.000204213811556, -0.918279257124, 0.843236794065, -0.774326856834, 0.711048290865, -0.652940896315, 0.539391552279, 0.29094324667, 0.156932329446, 0.0846479727826, 0.0456584014365, 0.663033434665, 0.439613335484, 0.291478339751, 0.193259884735, 0.128137765159, 0.117201425172, 0.0137361740624, 0.00160989917652, 0.000188682477872, 2.21138553115e-05, 0.474716030446, 0.225355309562, 0.106979777995, 0.0507850155478, 0.024108460987, 0.954373901745, 0.910829544333, 0.86927194605, 0.829610458829, 0.791758570522, -0.320808407659, 0.102918034425, -0.0330169707433, 0.0105921218099, -0.00339804173157, -0.0115694855316, 0.000133852995467, -1.54861029442e-06, 1.79166243955e-08, -2.07286126719e-10, -0.0164577371512, 0.000270857112139, -4.45769515713e-06, 7.33635751964e-08, -1.20739843706e-09, 0.648560396291, 0.420630587638, 0.272804340611, 0.176930091256, 0.114749850101, 0.382418490428, 0.146243901822, 0.055926372169, 0.02138727882, 0.00817889088072, 0.630779122117, 0.397882300899, 0.250975848467, 0.158310325369, 0.0998588480583, -0.411366623536, 0.16922249896, -0.0696124880235, 0.0286362541542, -0.0117799991821, -0.0383855110505, 0.00147344745861, -5.65590337049e-05, 2.17104741329e-06, -8.3336764474e-08, 0.141508667809, 0.020024703065, 0.002833669054, 0.000400988732843, 5.67433813909e-05, 0.44374888491, 0.196913072859, 0.0873799565053, 0.0387747582627, 0.0172062557417, 0.554729531383, 0.307724852988, 0.170704063493, 0.0946945851464, 0.0525298828427, 0.334764268617, 0.112067115543, 0.0375160659707, 0.0125590383861, 0.00420431729984, 0.337700450347, 0.114041594165, 0.0385118977076, 0.0130054851996, 0.00439195820888, 0.287132663044, 0.0824451661867, 0.0236727001223, 0.00679720542755, 0.00195169969567, -0.563729278036, 0.317790698915, -0.179147921266, 0.100990928317, -0.0569315431082, 0.356070373497, 0.126786110882, 0.0451447778561, 0.0160747179127, 0.00572373081102, -0.0995187063509, 0.00990397291375, -0.000985630572111, 9.80886794763e-05, -9.76165848915e-06, 0.322426705495, 0.103958980416, 0.0335191515622, 0.0108074696092, 0.00348461682083, 0.459211085687, 0.210874821217, 0.0968360555952, 0.0444681902235, 0.020420285911, -0.796635980024, 0.634628884669, -0.50556820349, 0.402753821257, -0.320848185105, 0.489874191642, 0.239976723637, 0.117558403505, 0.0575888278877, 0.0282112805091, -0.162477171967, 0.0263988314105, -0.00428920747082, 0.000696898299839, 