y <-
c(13, 10, 6, 18, 6, 11, 12, 9, 2, 5, 2, 13, 5, 7, 12, 10, 6, 15, 3, 12, 3, 3, 12, 10, 4, 5, 4, 5, 13, 7, 15, 9, 9, 13, 4, 10, 7, 6, 15, 3, 3, 7, 10, 10, 5, 6, 6, 10, 5, 9, 6, 7, 13, 17, 17, 6, 11, 8, 8, 17, 17, 4, 5, 10, 9, 15, 3, 5, 14, 8, 11, 8, 9, 8, 8, 10, 8, 1, 8, 12, 7, 5, 13, 8, 5, 5, 7, 7, 4, 7, 5, 5, 9, 9, 9, 10, 5, 17, 11, 16, 4, 13, 11, 5, 7, 6, 4, 13, 10, 8, 5, 6, 3, 6, 6, 4, 9, 6, 19, 3, 7, 6, 3, 9, 6, 2, 13, 4, 11, 7, 4, 7, 5, 12, 7, 6, 8, 6, 5, 8, 8, 8, 10, 7, 10, 5, 5, 11, 2, 2, 18, 6, 8, 14, 6, 10, 5, 14, 11, 8, 4, 7, 4, 5, 7, 5, 7, 6, 1, 4, 3, 3, 11, 6, 5, 1, 10, 10, 2, 15, 10, 14, 5, 6, 10, 13, 3, 17, 11, 7, 7, 15, 8, 15, 13, 11, 11, 5, 3, 8, 11, 9, 4, 13, 6, 4, 9, 20, 16, 13, 9, 8, 8, 6, 10, 22, 3, 14, 5, 13, 3, 4, 9, 10, 8, 7, 14, 5, 13, 12, 9, 15, 11, 6, 3, 8, 11, 3, 11, 3, 2, 8, 9, 4, 10, 6, 10, 9, 6, 10, 7, 3, 4, 5, 4, 11, 9, 4, 14, 22, 22, 9, 7, 4, 12, 17, 8, 6, 6, 6, 10, 10, 5, 8, 9, 9, 10, 1, 12, 12, 6, 9, 11, 5, 9, 2, 6, 16, 6, 9, 9, 8, 5, 10, 9, 12, 3, 8, 6, 15, 5, 8, 5, 8, 8, 4, 22, 11, 12, 2, 17, 3, 10, 9, 9, 7, 9, 10, 9, 8, 8, 10, 1, 12, 12, 8, 5, 17, 4, 14, 12, 9, 4, 5, 2, 5, 11, 8, 10, 11, 10, 5, 12, 9, 3, 5, 2, 7, 2, 12, 12, 4, 9, 16, 10, 8, 10, 5, 1, 10, 7, 9, 7, 5, 4, 6, 7, 8, 6, 9, 10, 8, 10, 4, 6, 5, 2, 3, 8, 7, 10, 11, 21, 17, 6, 6, 7, 7, 6, 5, 3, 14, 7, 5, 5, 8, 10, 0, 11, 9, 4, 6, 10, 15, 6, 16, 5, 9, 7, 23, 14, 4, 14, 6, 5, 4, 11, 7, 9, 6, 6, 9, 3, 17, 13, 5, 10, 3, 6, 10, 5, 12, 14, 16, 1, 4, 8, 12, 5, 21, 6, 2, 4, 13, 6, 5, 12, 9, 10, 4, 10, 0, 6, 8, 5, 15, 8, 13, 11, 5, 9, 6, 8, 9, 11, 5, 9, 11, 10, 4, 2, 6, 8, 8, 5, 7, 5, 5, 16, 7, 7, 8, 5, 6, 3, 6, 8, 5, 5, 26, 14, 10, 16, 11, 8, 11, 12, 2, 12, 11)
X <-
structure(c(0.876971671087, 0.76907931189, 0.674460769347, 0.166189106317, 0.0276188190586, 0.00458994685688, 0.345618096051, 0.119451868318, 0.0412847272979, -0.580420102885, 0.336887495833, -0.195536274992, -0.371065775823, 0.137689809987, -0.0510919761657, -0.785132723638, 0.616433393727, -0.483982029358, -0.592664850396, 0.351251624895, -0.208174491719, 0.492161633599, 0.242223073586, 0.119212903592, -0.944018578709, 0.891171076948, -0.841282053447, -0.384545671321, 0.147875373332, -0.0568648347097, 0.0282082103313, 0.000795703130097, 2.24453612551e-05, 0.969094298474, 0.939143759334, 0.910118862618, 0.594300078745, 0.353192583596, 0.209902380243, -0.362466493236, 0.131381958719, -0.0476215578513, 0.00506186133033, 2.56224401275e-05, 1.2969723887e-07, -0.484580136684, 0.234817908868, -0.113788094375, -0.453296444837, 0.205477666902, -0.0931422958999, -0.0642839211637, 0.00413242252018, -0.000265648323503, 0.0370693752486, 0.00137413858132, 5.09384587146e-05, -0.472529862373, 0.223284470834, -0.105508580273, 0.745686261043, 0.556047999909, 0.414637354013, 0.235826877077, 0.0556143159517, 0.0131153504517, 0.308761858639, 0.0953338853503, 0.029435467632, -0.0956298579574, 0.00914506973296, -0.000874541719574, 0.572749209244, 0.32804165669, 0.187885599468, 0.435011130483, 0.189234683644, 0.0823191936588, -0.189391127921, 0.0358689993354, -0.00679327024154, 0.762476224253, 0.581369992552, 0.443280796815, -0.833652146018, 0.694975900561, -0.579368150933, 0.320965206997, 0.103018664103, 0.0330654068483, -0.363663413224, 0.132251078118, -0.048094878471, -0.917894333107, 0.84253000675, -0.773353518668, 0.727985902041, 0.52996347357, 0.385805937355, -0.639581780417, 0.409064853841, -0.261630427526, -0.411366623536, 0.16922249896, -0.0696124880235, -0.216407138207, 0.0468320494671, -0.0101347898016, 0.286571004728, 0.082122940751, 0.0235340536423, 0.334764268617, 0.112067115543, 0.0375160659707, -0.911510038371, 0.830850550051, -0.757328616758, 0.391673301199, 0.153407974872, 0.0600858079486, -0.184711799903, 0.0341184490236, -0.00630208012905, -0.249071077174, 0.0620364014844, -0.0154514733417, 0.991007577268, 0.982096018202, 0.973264595643, 0.080600183891, 0.00649638964326, 0.000523610199874, 0.378740036195, 0.143444015017, 0.0543279914395, 0.943357522194, 0.889923414679, 0.839515947414, -0.100554892164, 0.010111286338, -0.00101673930736, -0.561285213693, 0.315041091111, -0.176827906146, -0.827893404848, 0.685407489791, -0.567444340432, -0.432867715706, 0.187374459301, -0.0811083541793, -0.948449724152, 0.899556879244, -0.853184473978, 0.670947509679, 0.450170560744, 0.302040816662, -0.967971264033, 0.936968367994, -0.906958455527, 0.373590359524, 0.139569756729, 0.0521419155953, -0.745063915884, 0.555120238752, -0.413600058871, 0.640426622274, 0.410146258517, 0.26266858298, -0.406149814338, 0.164957671687, -0.0669975277292, -0.794922799041, 0.631902256435, -0.502313510406, 0.532987684867, 0.28407587222, 0.151408941461, 0.18857620946, 0.0355609867744, 0.00670595609057, 0.238823906769, 0.0570368584446, 0.0136217653636, -0.814794487354, 0.663890056622, -0.540933958344, -0.00430610234399, 1.85425173969e-05, -7.98459776261e-08, -0.223176058937, 0.0498075532828, -0.011115853447, 0.120488643815, 0.0145175132883, 0.00174919548768, -0.389528635656, 0.151732557996, -0.0591041763009, 0.341791137771, 0.116821181859, 0.0399284446632, 0.368893264665, 0.136082240715, 0.0501998220402, 0.988544428262, 0.977220086648, 0.966025471842, -0.738292964871, 0.545076501978, -0.402426146726, -0.0628811965733, 0.00395404488249, -0.000248635073515, 0.814838228783, 0.663961339086, 0.541021081521, 0.919776655315, 0.845989095662, 0.778121020841, -0.111321993905, 0.012392586327, -0.00137956741956, 0.992171339377, 0.984403966681, 0.976697402111, 0.519923133176, 0.270320064412, 0.14054565485, -0.181867037732, 0.0330756194136, -0.00601536492391, 0.0572417876324, 0.00327662225135, 0.000187559715063, 0.505743006009, 0.255775988127, 0.1293569171, -0.575566109968, 0.331276346943, -0.190671438335, 0.683948876718, 0.467786065964, 0.31994175436, 0.669881037255, 0.448740604073, 0.300602821315, -0.460823627017, 0.212358415217, -0.0978597751279, -0.330103420834, 0.108968268446, -0.0359707981763, -0.396274496838, 0.157033476844, -0.0622283620233, 0.196124718928, 0.0384649053746, 0.0075439187552, -0.825680140876, 0.681747695036, -0.562905532879, -0.804738715853, 0.647604400793, -0.521152333875, 0.210786824174, 0.0444310852454, 0.00936548735348, 0.110174025164, 0.0121383158209, 0.00133732711271, -0.998006531889, 0.996017037693, -0.99403150949, -0.408089941878, 0.166537400662, -0.0679622381565, 0.250376353754, 0.0626883185191, 0.0156956726138, -0.616370929874, 0.379913123194, -0.234167405015, 0.710894555383, 0.505371068873, 0.35926554131, -0.896228339093, 0.803225235793, -0.719873218992, -0.653878992532, 0.427557736875, -0.279571022237, -0.972832456074, 0.946402987592, -0.920691542855, -0.715963471482, 0.512603692497, -0.367005519174, 0.482936876608, 0.233228026788, 0.112634414795, 0.403218834976, 0.162585428879, 0.0655575072169, -0.737884945915, 0.544474193408, -0.401759310755, 0.0359183573578, 0.00129012839529, 4.63392927394e-05, -0.831557925564, 0.691488583569, -0.575012812104, -0.719046571217, 0.517027971578, -0.371767190186, 0.778171198872, 0.605550414754, 0.471221892227, -0.886006911377, 0.785008247007, -0.695522732336, -0.13891130497, 0.0192963506486, -0.00268048124976, -0.593292941816, 0.351996514808, -0.20883704778, 0.00846129782855, 7.15935609434e-05, 6.05774441749e-07, 0.178840113515, 0.0319837862021, 0.00571998395503, 0.693596102134, 0.481075552895, 0.33367212832, -0.0705405855861, 0.00497597421483, -0.000351008134975, 0.952158149279, 0.906605141238, 0.863231473407, 0.56929445032, 0.324096171165, 0.184506151614, -0.66939167472, 0.448085214184, -0.29994451194, 0.351975164502, 0.123886516426, 0.0436049769986, 0.161271702437, 0.026008562007, 0.00419444507282, -0.880250440771, 0.774840838478, -0.682053989598, -0.650046811394, 0.422560857004, -0.274684337716, -0.81834541465, 0.669689217679, -0.548037100529, 0.441502822549, 0.194924742318, 0.0860598239182, 0.848050406637, 0.719189492197, 0.609908941307, -0.861413806715, 0.742033746399, -0.639198114196, 0.18166119774, 0.0330007907644, 0.00599496317662, 0.995642119844, 0.991303230808, 